Grading at Sat Jun  6 05:43:11 UTC 2020
Attempting to compile retirement.c
Checking for struct _retire_info
Found on line 4, column 2 
Checking for field int months
Found on line 5, column 3 
Checking for field double contribution
Found on line 6, column 3 
Checking for field double rate_of_return
Found on line 7, column 3 
Checking for typedef of struct _retire_info to retire_info
Found on line 9, column 1 
Checking for void retirement (int startAge, double initial,  retire_info working,  retire_info retired)
Found on line 26, column 1 
Checking for int main(void)
Found on line 45, column 1 
Trying to run retirement calculator..
Your file matched the expected output
Removing your main() and replacing it with our own to run more tests...
                |         Working              |        Retired         
 Age | Initial  | Saving  |   Rate    | Months | Spending |   Rate    | Months | Result
 240 |     0.00 | 1234.00 | 0.0026700 |   597  | -3567.00 | 0.0008600 |   206  | Correct
 240 |     0.00 | 1234.00 | 0.0026700 |   597  | -3567.00 | 0.0008600 |   372  | Correct
 240 |     0.00 | 1234.00 | 0.0026700 |   597  | -3567.00 | 0.0046400 |   204  | Correct
 240 |     0.00 | 1234.00 | 0.0026700 |   597  | -3567.00 | 0.0046400 |   371  | Correct
 240 |     0.00 | 1234.00 | 0.0026700 |   597  | -6534.00 | 0.0002200 |   214  | Correct
 240 |     0.00 | 1234.00 | 0.0026700 |   597  | -6534.00 | 0.0002200 |   371  | Correct
 240 |     0.00 | 1234.00 | 0.0026700 |   597  | -6534.00 | 0.0040100 |   232  | Correct
 240 |     0.00 | 1234.00 | 0.0026700 |   597  | -6534.00 | 0.0040100 |   394  | Correct
 240 |     0.00 | 1234.00 | 0.0026700 |   588  | -3567.00 | 0.0005800 |   222  | Correct
 240 |     0.00 | 1234.00 | 0.0026700 |   588  | -3567.00 | 0.0005800 |   387  | Correct
 240 |     0.00 | 1234.00 | 0.0026700 |   588  | -3567.00 | 0.0045600 |   230  | Correct
 240 |     0.00 | 1234.00 | 0.0026700 |   588  | -3567.00 | 0.0045600 |   390  | Correct
 240 |     0.00 | 1234.00 | 0.0026700 |   588  | -6534.00 | 0.0007100 |   207  | Correct
 240 |     0.00 | 1234.00 | 0.0026700 |   588  | -6534.00 | 0.0007100 |   374  | Correct
 240 |     0.00 | 1234.00 | 0.0026700 |   588  | -6534.00 | 0.0041400 |   204  | Correct
 240 |     0.00 | 1234.00 | 0.0026700 |   588  | -6534.00 | 0.0041400 |   378  | Correct
 240 |     0.00 | 1234.00 | 0.0056700 |   597  | -3567.00 | 0.0005300 |   207  | Correct
 240 |     0.00 | 1234.00 | 0.0056700 |   597  | -3567.00 | 0.0005300 |   373  | Correct
 240 |     0.00 | 1234.00 | 0.0056700 |   597  | -3567.00 | 0.0041000 |   225  | Correct
 240 |     0.00 | 1234.00 | 0.0056700 |   597  | -3567.00 | 0.0041000 |   401  | Correct
 240 |     0.00 | 1234.00 | 0.0056700 |   597  | -6534.00 | 0.0003000 |   209  | Correct
 240 |     0.00 | 1234.00 | 0.0056700 |   597  | -6534.00 | 0.0003000 |   394  | Correct
 240 |     0.00 | 1234.00 | 0.0056700 |   597  | -6534.00 | 0.0041300 |   229  | Correct
 240 |     0.00 | 1234.00 | 0.0056700 |   597  | -6534.00 | 0.0041300 |   371  | Correct
 240 |     0.00 | 1234.00 | 0.0056700 |   601  | -3567.00 | 0.0004100 |   204  | Correct
 240 |     0.00 | 1234.00 | 0.0056700 |   601  | -3567.00 | 0.0004100 |   385  | Correct
 240 |     0.00 | 1234.00 | 0.0056700 |   601  | -3567.00 | 0.0048300 |   227  | Correct
 240 |     0.00 | 1234.00 | 0.0056700 |   601  | -3567.00 | 0.0048300 |   409  | Correct
 240 |     0.00 | 1234.00 | 0.0056700 |   601  | -6534.00 | 0.0005000 |   211  | Correct
 240 |     0.00 | 1234.00 | 0.0056700 |   601  | -6534.00 | 0.0005000 |   371  | Correct
 240 |     0.00 | 1234.00 | 0.0056700 |   601  | -6534.00 | 0.0044000 |   230  | Correct
 240 |     0.00 | 1234.00 | 0.0056700 |   601  | -6534.00 | 0.0044000 |   394  | Correct
 240 |     0.00 | 3393.00 | 0.0026700 |   597  | -3567.00 | 0.0006100 |   204  | Correct
 240 |     0.00 | 3393.00 | 0.0026700 |   597  | -3567.00 | 0.0006100 |   377  | Correct
 240 |     0.00 | 3393.00 | 0.0026700 |   597  | -3567.00 | 0.0048100 |   210  | Correct
 240 |     0.00 | 3393.00 | 0.0026700 |   597  | -3567.00 | 0.0048100 |   402  | Correct
 240 |     0.00 | 3393.00 | 0.0026700 |   597  | -6534.00 | 0.0007900 |   226  | Correct
 240 |     0.00 | 3393.00 | 0.0026700 |   597  | -6534.00 | 0.0007900 |   388  | Correct
 240 |     0.00 | 3393.00 | 0.0026700 |   597  | -6534.00 | 0.0043700 |   221  | Correct
 240 |     0.00 | 3393.00 | 0.0026700 |   597  | -6534.00 | 0.0043700 |   402  | Correct
 240 |     0.00 | 3393.00 | 0.0026700 |   592  | -3567.00 | 0.0004400 |   223  | Correct
 240 |     0.00 | 3393.00 | 0.0026700 |   592  | -3567.00 | 0.0004400 |   396  | Correct
 240 |     0.00 | 3393.00 | 0.0026700 |   592  | -3567.00 | 0.0047000 |   226  | Correct
 240 |     0.00 | 3393.00 | 0.0026700 |   592  | -3567.00 | 0.0047000 |   389  | Correct
 240 |     0.00 | 3393.00 | 0.0026700 |   592  | -6534.00 | 0.0007900 |   219  | Correct
 240 |     0.00 | 3393.00 | 0.0026700 |   592  | -6534.00 | 0.0007900 |   409  | Correct
 240 |     0.00 | 3393.00 | 0.0026700 |   592  | -6534.00 | 0.0041600 |   206  | Correct
 240 |     0.00 | 3393.00 | 0.0026700 |   592  | -6534.00 | 0.0041600 |   402  | Correct
 240 |     0.00 | 3393.00 | 0.0056700 |   597  | -3567.00 | 0.0007000 |   208  | Correct
 240 |     0.00 | 3393.00 | 0.0056700 |   597  | -3567.00 | 0.0007000 |   385  | Correct
 240 |     0.00 | 3393.00 | 0.0056700 |   597  | -3567.00 | 0.0047800 |   226  | Correct
 240 |     0.00 | 3393.00 | 0.0056700 |   597  | -3567.00 | 0.0047800 |   400  | Correct
 240 |     0.00 | 3393.00 | 0.0056700 |   597  | -6534.00 | 0.0005800 |   206  | Correct
 240 |     0.00 | 3393.00 | 0.0056700 |   597  | -6534.00 | 0.0005800 |   409  | Correct
 240 |     0.00 | 3393.00 | 0.0056700 |   597  | -6534.00 | 0.0043200 |   223  | Correct
 240 |     0.00 | 3393.00 | 0.0056700 |   597  | -6534.00 | 0.0043200 |   399  | Correct
 240 |     0.00 | 3393.00 | 0.0056700 |   606  | -3567.00 | 0.0004900 |   214  | Correct
 240 |     0.00 | 3393.00 | 0.0056700 |   606  | -3567.00 | 0.0004900 |   375  | Correct
 240 |     0.00 | 3393.00 | 0.0056700 |   606  | -3567.00 | 0.0040700 |   215  | Correct
 240 |     0.00 | 3393.00 | 0.0056700 |   606  | -3567.00 | 0.0040700 |   385  | Correct
 240 |     0.00 | 3393.00 | 0.0056700 |   606  | -6534.00 | 0.0009300 |   210  | Correct
 240 |     0.00 | 3393.00 | 0.0056700 |   606  | -6534.00 | 0.0009300 |   387  | Correct
 240 |     0.00 | 3393.00 | 0.0056700 |   606  | -6534.00 | 0.0042600 |   222  | Correct
 240 |     0.00 | 3393.00 | 0.0056700 |   606  | -6534.00 | 0.0042600 |   385  | Correct
 240 | 13024.23 | 1234.00 | 0.0026700 |   597  | -3567.00 | 0.0001700 |   206  | Correct
 240 | 13024.23 | 1234.00 | 0.0026700 |   597  | -3567.00 | 0.0001700 |   402  | Correct
 240 | 13024.23 | 1234.00 | 0.0026700 |   597  | -3567.00 | 0.0044300 |   217  | Correct
 240 | 13024.23 | 1234.00 | 0.0026700 |   597  | -3567.00 | 0.0044300 |   404  | Correct
 240 | 13024.23 | 1234.00 | 0.0026700 |   597  | -6534.00 | 0.0008900 |   231  | Correct
 240 | 13024.23 | 1234.00 | 0.0026700 |   597  | -6534.00 | 0.0008900 |   391  | Correct
 240 | 13024.23 | 1234.00 | 0.0026700 |   597  | -6534.00 | 0.0041000 |   223  | Correct
 240 | 13024.23 | 1234.00 | 0.0026700 |   597  | -6534.00 | 0.0041000 |   394  | Correct
 240 | 13024.23 | 1234.00 | 0.0026700 |   608  | -3567.00 | 0.0002200 |   205  | Correct
 240 | 13024.23 | 1234.00 | 0.0026700 |   608  | -3567.00 | 0.0002200 |   394  | Correct
 240 | 13024.23 | 1234.00 | 0.0026700 |   608  | -3567.00 | 0.0042700 |   205  | Correct
 240 | 13024.23 | 1234.00 | 0.0026700 |   608  | -3567.00 | 0.0042700 |   371  | Correct
 240 | 13024.23 | 1234.00 | 0.0026700 |   608  | -6534.00 | 0.0000700 |   210  | Correct
 240 | 13024.23 | 1234.00 | 0.0026700 |   608  | -6534.00 | 0.0000700 |   406  | Correct
 240 | 13024.23 | 1234.00 | 0.0026700 |   608  | -6534.00 | 0.0044500 |   210  | Correct
 240 | 13024.23 | 1234.00 | 0.0026700 |   608  | -6534.00 | 0.0044500 |   405  | Correct
 240 | 13024.23 | 1234.00 | 0.0056700 |   597  | -3567.00 | 0.0003200 |   206  | Correct
 240 | 13024.23 | 1234.00 | 0.0056700 |   597  | -3567.00 | 0.0003200 |   390  | Correct
 240 | 13024.23 | 1234.00 | 0.0056700 |   597  | -3567.00 | 0.0049200 |   228  | Correct
 240 | 13024.23 | 1234.00 | 0.0056700 |   597  | -3567.00 | 0.0049200 |   397  | Correct
 240 | 13024.23 | 1234.00 | 0.0056700 |   597  | -6534.00 | 0.0007900 |   222  | Correct
 240 | 13024.23 | 1234.00 | 0.0056700 |   597  | -6534.00 | 0.0007900 |   399  | Correct
 240 | 13024.23 | 1234.00 | 0.0056700 |   597  | -6534.00 | 0.0049000 |   212  | Correct
 240 | 13024.23 | 1234.00 | 0.0056700 |   597  | -6534.00 | 0.0049000 |   393  | Correct
 240 | 13024.23 | 1234.00 | 0.0056700 |   600  | -3567.00 | 0.0000100 |   223  | Correct
 240 | 13024.23 | 1234.00 | 0.0056700 |   600  | -3567.00 | 0.0000100 |   405  | Correct
 240 | 13024.23 | 1234.00 | 0.0056700 |   600  | -3567.00 | 0.0041200 |   210  | Correct
 240 | 13024.23 | 1234.00 | 0.0056700 |   600  | -3567.00 | 0.0041200 |   405  | Correct
 240 | 13024.23 | 1234.00 | 0.0056700 |   600  | -6534.00 | 0.0005600 |   229  | Correct
 240 | 13024.23 | 1234.00 | 0.0056700 |   600  | -6534.00 | 0.0005600 |   398  | Correct
 240 | 13024.23 | 1234.00 | 0.0056700 |   600  | -6534.00 | 0.0040500 |   218  | Correct
 240 | 13024.23 | 1234.00 | 0.0056700 |   600  | -6534.00 | 0.0040500 |   400  | Correct
 240 | 13024.23 | 3541.00 | 0.0026700 |   597  | -3567.00 | 0.0006900 |   213  | Correct
 240 | 13024.23 | 3541.00 | 0.0026700 |   597  | -3567.00 | 0.0006900 |   378  | Correct
 240 | 13024.23 | 3541.00 | 0.0026700 |   597  | -3567.00 | 0.0043200 |   233  | Correct
 240 | 13024.23 | 3541.00 | 0.0026700 |   597  | -3567.00 | 0.0043200 |   373  | Correct
 240 | 13024.23 | 3541.00 | 0.0026700 |   597  | -6534.00 | 0.0008400 |   222  | Correct
 240 | 13024.23 | 3541.00 | 0.0026700 |   597  | -6534.00 | 0.0008400 |   385  | Correct
 240 | 13024.23 | 3541.00 | 0.0026700 |   597  | -6534.00 | 0.0045800 |   220  | Correct
 240 | 13024.23 | 3541.00 | 0.0026700 |   597  | -6534.00 | 0.0045800 |   395  | Correct
 240 | 13024.23 | 3541.00 | 0.0026700 |   602  | -3567.00 | 0.0002400 |   223  | Correct
 240 | 13024.23 | 3541.00 | 0.0026700 |   602  | -3567.00 | 0.0002400 |   382  | Correct
 240 | 13024.23 | 3541.00 | 0.0026700 |   602  | -3567.00 | 0.0045500 |   229  | Correct
 240 | 13024.23 | 3541.00 | 0.0026700 |   602  | -3567.00 | 0.0045500 |   406  | Correct
 240 | 13024.23 | 3541.00 | 0.0026700 |   602  | -6534.00 | 0.0008100 |   217  | Correct
 240 | 13024.23 | 3541.00 | 0.0026700 |   602  | -6534.00 | 0.0008100 |   374  | Correct
 240 | 13024.23 | 3541.00 | 0.0026700 |   602  | -6534.00 | 0.0041700 |   226  | Correct
 240 | 13024.23 | 3541.00 | 0.0026700 |   602  | -6534.00 | 0.0041700 |   400  | Correct
 240 | 13024.23 | 3541.00 | 0.0056700 |   597  | -3567.00 | 0.0004600 |   227  | Correct
 240 | 13024.23 | 3541.00 | 0.0056700 |   597  | -3567.00 | 0.0004600 |   403  | Correct
 240 | 13024.23 | 3541.00 | 0.0056700 |   597  | -3567.00 | 0.0040900 |   217  | Correct
 240 | 13024.23 | 3541.00 | 0.0056700 |   597  | -3567.00 | 0.0040900 |   395  | Correct
 240 | 13024.23 | 3541.00 | 0.0056700 |   597  | -6534.00 | 0.0007000 |   218  | Correct
 240 | 13024.23 | 3541.00 | 0.0056700 |   597  | -6534.00 | 0.0007000 |   398  | Correct
 240 | 13024.23 | 3541.00 | 0.0056700 |   597  | -6534.00 | 0.0042400 |   228  | Correct
 240 | 13024.23 | 3541.00 | 0.0056700 |   597  | -6534.00 | 0.0042400 |   382  | Correct
 240 | 13024.23 | 3541.00 | 0.0056700 |   607  | -3567.00 | 0.0002500 |   217  | Correct
 240 | 13024.23 | 3541.00 | 0.0056700 |   607  | -3567.00 | 0.0002500 |   374  | Correct
 240 | 13024.23 | 3541.00 | 0.0056700 |   607  | -3567.00 | 0.0046800 |   205  | Correct
 240 | 13024.23 | 3541.00 | 0.0056700 |   607  | -3567.00 | 0.0046800 |   402  | Correct
 240 | 13024.23 | 3541.00 | 0.0056700 |   607  | -6534.00 | 0.0007500 |   207  | Correct
 240 | 13024.23 | 3541.00 | 0.0056700 |   607  | -6534.00 | 0.0007500 |   380  | Correct
 240 | 13024.23 | 3541.00 | 0.0056700 |   607  | -6534.00 | 0.0049500 |   217  | Correct
 240 | 13024.23 | 3541.00 | 0.0056700 |   607  | -6534.00 | 0.0049500 |   372  | Correct
 345 |     0.00 | 1234.00 | 0.0026700 |   597  | -3567.00 | 0.0007800 |   212  | Correct
 345 |     0.00 | 1234.00 | 0.0026700 |   597  | -3567.00 | 0.0007800 |   378  | Correct
 345 |     0.00 | 1234.00 | 0.0026700 |   597  | -3567.00 | 0.0049300 |   221  | Correct
 345 |     0.00 | 1234.00 | 0.0026700 |   597  | -3567.00 | 0.0049300 |   389  | Correct
 345 |     0.00 | 1234.00 | 0.0026700 |   597  | -6534.00 | 0.0002700 |   213  | Correct
 345 |     0.00 | 1234.00 | 0.0026700 |   597  | -6534.00 | 0.0002700 |   399  | Correct
 345 |     0.00 | 1234.00 | 0.0026700 |   597  | -6534.00 | 0.0042200 |   226  | Correct
 345 |     0.00 | 1234.00 | 0.0026700 |   597  | -6534.00 | 0.0042200 |   370  | Correct
 345 |     0.00 | 1234.00 | 0.0026700 |   593  | -3567.00 | 0.0001000 |   224  | Correct
 345 |     0.00 | 1234.00 | 0.0026700 |   593  | -3567.00 | 0.0001000 |   394  | Correct
 345 |     0.00 | 1234.00 | 0.0026700 |   593  | -3567.00 | 0.0043700 |   210  | Correct
 345 |     0.00 | 1234.00 | 0.0026700 |   593  | -3567.00 | 0.0043700 |   384  | Correct
 345 |     0.00 | 1234.00 | 0.0026700 |   593  | -6534.00 | 0.0004900 |   225  | Correct
 345 |     0.00 | 1234.00 | 0.0026700 |   593  | -6534.00 | 0.0004900 |   377  | Correct
 345 |     0.00 | 1234.00 | 0.0026700 |   593  | -6534.00 | 0.0045500 |   218  | Correct
 345 |     0.00 | 1234.00 | 0.0026700 |   593  | -6534.00 | 0.0045500 |   375  | Correct
 345 |     0.00 | 1234.00 | 0.0056700 |   597  | -3567.00 | 0.0000300 |   219  | Correct
 345 |     0.00 | 1234.00 | 0.0056700 |   597  | -3567.00 | 0.0000300 |   383  | Correct
 345 |     0.00 | 1234.00 | 0.0056700 |   597  | -3567.00 | 0.0040300 |   212  | Correct
 345 |     0.00 | 1234.00 | 0.0056700 |   597  | -3567.00 | 0.0040300 |   383  | Correct
 345 |     0.00 | 1234.00 | 0.0056700 |   597  | -6534.00 | 0.0001300 |   224  | Correct
 345 |     0.00 | 1234.00 | 0.0056700 |   597  | -6534.00 | 0.0001300 |   399  | Correct
 345 |     0.00 | 1234.00 | 0.0056700 |   597  | -6534.00 | 0.0041900 |   210  | Correct
 345 |     0.00 | 1234.00 | 0.0056700 |   597  | -6534.00 | 0.0041900 |   388  | Correct
 345 |     0.00 | 1234.00 | 0.0056700 |   611  | -3567.00 | 0.0003600 |   217  | Correct
 345 |     0.00 | 1234.00 | 0.0056700 |   611  | -3567.00 | 0.0003600 |   403  | Correct
 345 |     0.00 | 1234.00 | 0.0056700 |   611  | -3567.00 | 0.0047600 |   225  | Correct
 345 |     0.00 | 1234.00 | 0.0056700 |   611  | -3567.00 | 0.0047600 |   400  | Correct
 345 |     0.00 | 1234.00 | 0.0056700 |   611  | -6534.00 | 0.0006500 |   218  | Correct
 345 |     0.00 | 1234.00 | 0.0056700 |   611  | -6534.00 | 0.0006500 |   405  | Correct
 345 |     0.00 | 1234.00 | 0.0056700 |   611  | -6534.00 | 0.0041800 |   233  | Correct
 345 |     0.00 | 1234.00 | 0.0056700 |   611  | -6534.00 | 0.0041800 |   379  | Correct
 345 |     0.00 | 3784.00 | 0.0026700 |   597  | -3567.00 | 0.0004900 |   218  | Correct
 345 |     0.00 | 3784.00 | 0.0026700 |   597  | -3567.00 | 0.0004900 |   387  | Correct
 345 |     0.00 | 3784.00 | 0.0026700 |   597  | -3567.00 | 0.0043000 |   209  | Correct
 345 |     0.00 | 3784.00 | 0.0026700 |   597  | -3567.00 | 0.0043000 |   399  | Correct
 345 |     0.00 | 3784.00 | 0.0026700 |   597  | -6534.00 | 0.0000800 |   214  | Correct
 345 |     0.00 | 3784.00 | 0.0026700 |   597  | -6534.00 | 0.0000800 |   371  | Correct
 345 |     0.00 | 3784.00 | 0.0026700 |   597  | -6534.00 | 0.0047400 |   221  | Correct
 345 |     0.00 | 3784.00 | 0.0026700 |   597  | -6534.00 | 0.0047400 |   403  | Correct
 345 |     0.00 | 3784.00 | 0.0026700 |   602  | -3567.00 | 0.0005000 |   231  | Correct
 345 |     0.00 | 3784.00 | 0.0026700 |   602  | -3567.00 | 0.0005000 |   381  | Correct
 345 |     0.00 | 3784.00 | 0.0026700 |   602  | -3567.00 | 0.0045300 |   217  | Correct
 345 |     0.00 | 3784.00 | 0.0026700 |   602  | -3567.00 | 0.0045300 |   379  | Correct
 345 |     0.00 | 3784.00 | 0.0026700 |   602  | -6534.00 | 0.0001500 |   231  | Correct
 345 |     0.00 | 3784.00 | 0.0026700 |   602  | -6534.00 | 0.0001500 |   403  | Correct
 345 |     0.00 | 3784.00 | 0.0026700 |   602  | -6534.00 | 0.0040500 |   231  | Correct
 345 |     0.00 | 3784.00 | 0.0026700 |   602  | -6534.00 | 0.0040500 |   385  | Correct
 345 |     0.00 | 3784.00 | 0.0056700 |   597  | -3567.00 | 0.0008100 |   221  | Correct
 345 |     0.00 | 3784.00 | 0.0056700 |   597  | -3567.00 | 0.0008100 |   395  | Correct
 345 |     0.00 | 3784.00 | 0.0056700 |   597  | -3567.00 | 0.0046000 |   228  | Correct
 345 |     0.00 | 3784.00 | 0.0056700 |   597  | -3567.00 | 0.0046000 |   386  | Correct
 345 |     0.00 | 3784.00 | 0.0056700 |   597  | -6534.00 | 0.0005600 |   212  | Correct
 345 |     0.00 | 3784.00 | 0.0056700 |   597  | -6534.00 | 0.0005600 |   388  | Correct
 345 |     0.00 | 3784.00 | 0.0056700 |   597  | -6534.00 | 0.0040300 |   220  | Correct
 345 |     0.00 | 3784.00 | 0.0056700 |   597  | -6534.00 | 0.0040300 |   384  | Correct
 345 |     0.00 | 3784.00 | 0.0056700 |   600  | -3567.00 | 0.0008400 |   209  | Correct
 345 |     0.00 | 3784.00 | 0.0056700 |   600  | -3567.00 | 0.0008400 |   388  | Correct
 345 |     0.00 | 3784.00 | 0.0056700 |   600  | -3567.00 | 0.0048800 |   214  | Correct
 345 |     0.00 | 3784.00 | 0.0056700 |   600  | -3567.00 | 0.0048800 |   394  | Correct
 345 |     0.00 | 3784.00 | 0.0056700 |   600  | -6534.00 | 0.0000900 |   208  | Correct
 345 |     0.00 | 3784.00 | 0.0056700 |   600  | -6534.00 | 0.0000900 |   372  | Correct
 345 |     0.00 | 3784.00 | 0.0056700 |   600  | -6534.00 | 0.0047100 |   207  | Correct
 345 |     0.00 | 3784.00 | 0.0056700 |   600  | -6534.00 | 0.0047100 |   393  | Correct
 345 |  7148.36 | 1234.00 | 0.0026700 |   597  | -3567.00 | 0.0009500 |   219  | Correct
 345 |  7148.36 | 1234.00 | 0.0026700 |   597  | -3567.00 | 0.0009500 |   377  | Correct
 345 |  7148.36 | 1234.00 | 0.0026700 |   597  | -3567.00 | 0.0041900 |   219  | Correct
 345 |  7148.36 | 1234.00 | 0.0026700 |   597  | -3567.00 | 0.0041900 |   407  | Correct
 345 |  7148.36 | 1234.00 | 0.0026700 |   597  | -6534.00 | 0.0003500 |   229  | Correct
 345 |  7148.36 | 1234.00 | 0.0026700 |   597  | -6534.00 | 0.0003500 |   397  | Correct
 345 |  7148.36 | 1234.00 | 0.0026700 |   597  | -6534.00 | 0.0045800 |   214  | Correct
 345 |  7148.36 | 1234.00 | 0.0026700 |   597  | -6534.00 | 0.0045800 |   409  | Correct
 345 |  7148.36 | 1234.00 | 0.0026700 |   612  | -3567.00 | 0.0001600 |   210  | Correct
 345 |  7148.36 | 1234.00 | 0.0026700 |   612  | -3567.00 | 0.0001600 |   370  | Correct
 345 |  7148.36 | 1234.00 | 0.0026700 |   612  | -3567.00 | 0.0042800 |   217  | Correct
 345 |  7148.36 | 1234.00 | 0.0026700 |   612  | -3567.00 | 0.0042800 |   401  | Correct
 345 |  7148.36 | 1234.00 | 0.0026700 |   612  | -6534.00 | 0.0007200 |   216  | Correct
 345 |  7148.36 | 1234.00 | 0.0026700 |   612  | -6534.00 | 0.0007200 |   401  | Correct
 345 |  7148.36 | 1234.00 | 0.0026700 |   612  | -6534.00 | 0.0048500 |   229  | Correct
 345 |  7148.36 | 1234.00 | 0.0026700 |   612  | -6534.00 | 0.0048500 |   378  | Correct
 345 |  7148.36 | 1234.00 | 0.0056700 |   597  | -3567.00 | 0.0005100 |   232  | Correct
 345 |  7148.36 | 1234.00 | 0.0056700 |   597  | -3567.00 | 0.0005100 |   379  | Correct
 345 |  7148.36 | 1234.00 | 0.0056700 |   597  | -3567.00 | 0.0042300 |   216  | Correct
 345 |  7148.36 | 1234.00 | 0.0056700 |   597  | -3567.00 | 0.0042300 |   408  | Correct
 345 |  7148.36 | 1234.00 | 0.0056700 |   597  | -6534.00 | 0.0001900 |   217  | Correct
 345 |  7148.36 | 1234.00 | 0.0056700 |   597  | -6534.00 | 0.0001900 |   378  | Correct
 345 |  7148.36 | 1234.00 | 0.0056700 |   597  | -6534.00 | 0.0046300 |   211  | Correct
 345 |  7148.36 | 1234.00 | 0.0056700 |   597  | -6534.00 | 0.0046300 |   400  | Correct
 345 |  7148.36 | 1234.00 | 0.0056700 |   596  | -3567.00 | 0.0008100 |   204  | Correct
 345 |  7148.36 | 1234.00 | 0.0056700 |   596  | -3567.00 | 0.0008100 |   401  | Correct
 345 |  7148.36 | 1234.00 | 0.0056700 |   596  | -3567.00 | 0.0042000 |   229  | Correct
 345 |  7148.36 | 1234.00 | 0.0056700 |   596  | -3567.00 | 0.0042000 |   384  | Correct
 345 |  7148.36 | 1234.00 | 0.0056700 |   596  | -6534.00 | 0.0005900 |   228  | Correct
 345 |  7148.36 | 1234.00 | 0.0056700 |   596  | -6534.00 | 0.0005900 |   386  | Correct
 345 |  7148.36 | 1234.00 | 0.0056700 |   596  | -6534.00 | 0.0041000 |   214  | Correct
 345 |  7148.36 | 1234.00 | 0.0056700 |   596  | -6534.00 | 0.0041000 |   394  | Correct
 345 |  7148.36 | 3485.00 | 0.0026700 |   597  | -3567.00 | 0.0002700 |   218  | Correct
 345 |  7148.36 | 3485.00 | 0.0026700 |   597  | -3567.00 | 0.0002700 |   376  | Correct
 345 |  7148.36 | 3485.00 | 0.0026700 |   597  | -3567.00 | 0.0041900 |   221  | Correct
 345 |  7148.36 | 3485.00 | 0.0026700 |   597  | -3567.00 | 0.0041900 |   392  | Correct
 345 |  7148.36 | 3485.00 | 0.0026700 |   597  | -6534.00 | 0.0000200 |   207  | Correct
 345 |  7148.36 | 3485.00 | 0.0026700 |   597  | -6534.00 | 0.0000200 |   397  | Correct
 345 |  7148.36 | 3485.00 | 0.0026700 |   597  | -6534.00 | 0.0049600 |   221  | Correct
 345 |  7148.36 | 3485.00 | 0.0026700 |   597  | -6534.00 | 0.0049600 |   408  | Correct
 345 |  7148.36 | 3485.00 | 0.0026700 |   586  | -3567.00 | 0.0000200 |   214  | Correct
 345 |  7148.36 | 3485.00 | 0.0026700 |   586  | -3567.00 | 0.0000200 |   383  | Correct
 345 |  7148.36 | 3485.00 | 0.0026700 |   586  | -3567.00 | 0.0040100 |   224  | Correct
 345 |  7148.36 | 3485.00 | 0.0026700 |   586  | -3567.00 | 0.0040100 |   387  | Correct
 345 |  7148.36 | 3485.00 | 0.0026700 |   586  | -6534.00 | 0.0006700 |   225  | Correct
 345 |  7148.36 | 3485.00 | 0.0026700 |   586  | -6534.00 | 0.0006700 |   388  | Correct
 345 |  7148.36 | 3485.00 | 0.0026700 |   586  | -6534.00 | 0.0044300 |   233  | Correct
 345 |  7148.36 | 3485.00 | 0.0026700 |   586  | -6534.00 | 0.0044300 |   393  | Correct
 345 |  7148.36 | 3485.00 | 0.0056700 |   597  | -3567.00 | 0.0008200 |   207  | Correct
 345 |  7148.36 | 3485.00 | 0.0056700 |   597  | -3567.00 | 0.0008200 |   392  | Correct
 345 |  7148.36 | 3485.00 | 0.0056700 |   597  | -3567.00 | 0.0041500 |   215  | Correct
 345 |  7148.36 | 3485.00 | 0.0056700 |   597  | -3567.00 | 0.0041500 |   393  | Correct
 345 |  7148.36 | 3485.00 | 0.0056700 |   597  | -6534.00 | 0.0009100 |   227  | Correct
 345 |  7148.36 | 3485.00 | 0.0056700 |   597  | -6534.00 | 0.0009100 |   403  | Correct
 345 |  7148.36 | 3485.00 | 0.0056700 |   597  | -6534.00 | 0.0045400 |   207  | Correct
 345 |  7148.36 | 3485.00 | 0.0056700 |   597  | -6534.00 | 0.0045400 |   385  | Correct
 345 |  7148.36 | 3485.00 | 0.0056700 |   612  | -3567.00 | 0.0000200 |   205  | Correct
 345 |  7148.36 | 3485.00 | 0.0056700 |   612  | -3567.00 | 0.0000200 |   377  | Correct
 345 |  7148.36 | 3485.00 | 0.0056700 |   612  | -3567.00 | 0.0045600 |   218  | Correct
 345 |  7148.36 | 3485.00 | 0.0056700 |   612  | -3567.00 | 0.0045600 |   380  | Correct
 345 |  7148.36 | 3485.00 | 0.0056700 |   612  | -6534.00 | 0.0007700 |   228  | Correct
 345 |  7148.36 | 3485.00 | 0.0056700 |   612  | -6534.00 | 0.0007700 |   370  | Correct
 345 |  7148.36 | 3485.00 | 0.0056700 |   612  | -6534.00 | 0.0048000 |   212  | Correct
 345 |  7148.36 | 3485.00 | 0.0056700 |   612  | -6534.00 | 0.0048000 |   378  | Correct

Overall Grade: A
